124,3
124,2
124,1
124,0
0,535
118,6
0,534
0,386
0,243
118,5
118,4
123,4
123,3
123,2
123,1
123,0
122,4
122,3
122,2
122,1
122,0
121,4
121,3
121,2
121,1
121,0
120,3
120,2
120,1
120,0
119,3
119,2
119,1
119,0
0,533
0,472
118,3
118,2
118,1
118,0
117,4
117,3
117,2
117,1
117,0
116,4
116,3
116,2
116,1
116,0
24,2
0,278
115,4
115,3
115,2
115,1
115,0
114,4
114,3
114,2
0,9
114,1
114,0
113,36
24,1
24,3
113,35
3,2
3,1
3,3
10,34
10,72
10,150
10,248
10,18
10,96
10,106
10,1
10,12
10,2
10,3
11,12
11,11
11,21
11,8
11,18
11,9
11,28
11,1
11,14
11,2
11,3
9,7
9,4
9,1
9,6
9,2
9,3
8,17
8,9
8,4
8,12
8,16
8,8
8,1
8,10
8,2
8,3
12,2
12,1
12,3
20,2
20,1
20,3
19,2
19,1
19,3
18,1
18,3
14,1
14,3
